   1.0000000e+00   2.0000000e+00   0.0000000e+00
   1.0000000e+00   1.1000000e+01   3.9281300e+00
   1.0000000e+00   1.2000000e+01   2.6657680e+01
   1.0000000e+00   3.0000000e+00   2.8141690e+01
   1.0000000e+00   7.0000000e+00   2.9461060e+01
   1.0000000e+00   4.0000000e+00   4.2515330e+01
   1.0000000e+00   5.0000000e+00   7.9967430e+01
   1.0000000e+00   6.0000000e+00   1.2568087e+02
   1.0000000e+00   8.0000000e+00   2.7263544e+02
   1.0000000e+00   9.0000000e+00   3.5012485e+02
   1.0000000e+00   1.0000000e+01   3.7970302e+02
   2.0000000e+00   1.0000000e+00   0.0000000e+00
   2.0000000e+00   8.0000000e+00   2.8950760e+01
   2.0000000e+00   9.0000000e+00   1.1446143e+02
   2.0000000e+00   1.0000000e+01   1.7086868e+02
   2.0000000e+00   1.1000000e+01   2.0516361e+02
   2.0000000e+00   1.2000000e+01   2.3314019e+02
   2.0000000e+00   7.0000000e+00   2.3690870e+02
   2.0000000e+00   3.0000000e+00   2.3906410e+02
   2.0000000e+00   4.0000000e+00   2.5226800e+02
   2.0000000e+00   5.0000000e+00   3.0612031e+02
   2.0000000e+00   6.0000000e+00   3.6552605e+02
   3.0000000e+00   1.0000000e+00   0.0000000e+00
   3.0000000e+00   8.0000000e+00   7.2436900e+00
   3.0000000e+00   2.0000000e+00   1.0923320e+01
   3.0000000e+00   9.0000000e+00   3.5650470e+01
   3.0000000e+00   1.0000000e+01   7.1450380e+01
   3.0000000e+00   1.1000000e+01   1.1997324e+02
   3.0000000e+00   1.2000000e+01   1.9522762e+02
   3.0000000e+00   7.0000000e+00   2.0468251e+02
   3.0000000e+00   4.0000000e+00   2.4391905e+02
   3.0000000e+00   5.0000000e+00   3.4723966e+02
   3.0000000e+00   6.0000000e+00   3.8360808e+02
   4.0000000e+00   1.0000000e+00   0.0000000e+00
   4.0000000e+00   8.0000000e+00   3.7115200e+00
   4.0000000e+00   2.0000000e+00   9.7539000e+00
   4.0000000e+00   9.0000000e+00   2.4102030e+01
   4.0000000e+00   3.0000000e+00   2.9546400e+01
   4.0000000e+00   1.0000000e+01   4.5874120e+01
   4.0000000e+00   1.1000000e+01   6.6818950e+01
   4.0000000e+00   7.0000000e+00   8.6845050e+01
   4.0000000e+00   1.2000000e+01   9.7163980e+01
   4.0000000e+00   5.0000000e+00   3.7006912e+02
   4.0000000e+00   6.0000000e+00   3.8829153e+02
   5.0000000e+00   1.0000000e+00   0.0000000e+00
   5.0000000e+00   6.0000000e+00   3.8049429e+02
   5.0000000e+00   4.0000000e+00   1.3261652e+02
   5.0000000e+00   3.0000000e+00   9.5413280e+01
   5.0000000e+00   2.0000000e+00   2.6152700e+01
